{
     "name": "Shaft-New",
     "scan": 1,
     "transformation": [
          [
               [
                    1.0,
                    0.0,
                    0.0,
                    -0.009863801592512312
               ],
               [
                    0.0,
                    0.6911933298953105,
                    -0.7226698974692612,
                    0.026573530714593924
               ],
               [
                    0.0,
                    0.7226698974692612,
                    0.6911933298953105,
                    -0.2166795150472408
               ],
               [
                    0.0,
                    0.0,
                    0.0,
                    1.0
               ]
          ],
          [
               [
                    6.123233995736766e-17,
                    0.0,
                    1.0,
                    -0.009863801592512312
               ],
               [
                    0.7226698974692612,
                    0.6911933298953105,
                    -4.4250768838793834e-17,
                    0.026573530714593924
               ],
               [
                    -0.6911933298953105,
                    0.7226698974692612,
                    4.2323384952414626e-17,
                    -0.2166795150472408
               ],
               [
                    0.0,
                    0.0,
                    0.0,
                    1.0
               ]
          ],
          [
               [
                    6.123233995736766e-17,
                    0.0,
                    -1.0,
                    -0.009863801592512312
               ],
               [
                    -0.7226698974692612,
                    0.6911933298953105,
                    -4.4250768838793834e-17,
                    0.026573530714593924
               ],
               [
                    0.6911933298953105,
                    0.7226698974692612,
                    4.2323384952414626e-17,
                    -0.2166795150472408
               ],
               [
                    0.0,
                    0.0,
                    0.0,
                    1.0
               ]
          ],
          [
               [
                    -1.0,
                    0.0,
                    1.2246467991473532e-16,
                    -0.009863801592512312
               ],
               [
                    8.850153767758767e-17,
                    0.6911933298953105,
                    0.7226698974692612,
                    0.026573530714593924
               ],
               [
                    -8.464676990482925e-17,
                    0.7226698974692612,
                    -0.6911933298953105,
                    -0.2166795150472408
               ],
               [
                    0.0,
                    0.0,
                    0.0,
                    1.0
               ]
          ],
          [
               [
                    1.0,
                    0.0,
                    0.0,
                    -0.009863801592512312
               ],
               [
                    0.0,
                    -0.6911933298953106,
                    0.7226698974692611,
                    0.026573530714593924
               ],
               [
                    0.0,
                    -0.7226698974692611,
                    -0.6911933298953106,
                    -0.2166795150472408
               ],
               [
                    0.0,
                    0.0,
                    0.0,
                    1.0
               ]
          ],
          [
               [
                    6.123233995736766e-17,
                    0.0,
                    1.0,
                    -0.009863801592512312
               ],
               [
                    -0.7226698974692611,
                    -0.6911933298953106,
                    4.4250768838793834e-17,
                    0.026573530714593924
               ],
               [
                    0.6911933298953106,
                    -0.7226698974692611,
                    -4.232338495241463e-17,
                    -0.2166795150472408
               ],
               [
                    0.0,
                    0.0,
                    0.0,
                    1.0
               ]
          ],
          [
               [
                    6.123233995736766e-17,
                    0.0,
                    -1.0,
                    -0.009863801592512312
               ],
               [
                    0.7226698974692611,
                    -0.6911933298953106,
                    4.4250768838793834e-17,
                    0.026573530714593924
               ],
               [
                    -0.6911933298953106,
                    -0.7226698974692611,
                    -4.232338495241463e-17,
                    -0.2166795150472408
               ],
               [
                    0.0,
                    0.0,
                    0.0,
                    1.0
               ]
          ],
          [
               [
                    -1.0,
                    0.0,
                    1.2246467991473532e-16,
                    -0.009863801592512312
               ],
               [
                    -8.850153767758767e-17,
                    -0.6911933298953106,
                    -0.7226698974692611,
                    0.026573530714593924
               ],
               [
                    8.464676990482926e-17,
                    -0.7226698974692611,
                    0.6911933298953106,
                    -0.2166795150472408
               ],
               [
                    0.0,
                    0.0,
                    0.0,
                    1.0
               ]
          ]
     ],
     "scale": 100,
     "sampling_density": 2,
     "frame": "template to source"
}