{
     "name": "Shaft-New",
     "scan": 4,
     "transformation": [
          [
               [
                    6.123233995736766e-17,
                    1.0,
                    0.0,
                    -0.008620266709516324
               ],
               [
                    -0.6523761952269463,
                    3.994652096623043e-17,
                    -0.7578953093278868,
                    0.021851553641571035
               ],
               [
                    -0.7578953093278868,
                    4.640770323285949e-17,
                    0.6523761952269463,
                    -0.22266386611753958
               ],
               [
                    0.0,
                    0.0,
                    0.0,
                    1.0
               ]
          ],
          [
               [
                    3.749399456654644e-33,
                    1.0,
                    6.123233995736766e-17,
                    -0.008620266709516324
               ],
               [
                    0.7578953093278868,
                    3.994652096623043e-17,
                    -0.6523761952269463,
                    0.021851553641571035
               ],
               [
                    -0.6523761952269463,
                    4.640770323285949e-17,
                    -0.7578953093278868,
                    -0.22266386611753958
               ],
               [
                    0.0,
                    0.0,
                    0.0,
                    1.0
               ]
          ],
          [
               [
                    3.749399456654644e-33,
                    1.0,
                    -6.123233995736766e-17,
                    -0.008620266709516324
               ],
               [
                    -0.7578953093278868,
                    3.994652096623043e-17,
                    0.6523761952269463,
                    0.021851553641571035
               ],
               [
                    0.6523761952269463,
                    4.640770323285949e-17,
                    0.7578953093278868,
                    -0.22266386611753958
               ],
               [
                    0.0,
                    0.0,
                    0.0,
                    1.0
               ]
          ],
          [
               [
                    -6.123233995736766e-17,
                    1.0,
                    7.498798913309288e-33,
                    -0.008620266709516324
               ],
               [
                    0.6523761952269465,
                    3.994652096623043e-17,
                    0.7578953093278867,
                    0.021851553641571035
               ],
               [
                    0.7578953093278867,
                    4.640770323285949e-17,
                    -0.6523761952269465,
                    -0.22266386611753958
               ],
               [
                    0.0,
                    0.0,
                    0.0,
                    1.0
               ]
          ],
          [
               [
                    6.123233995736766e-17,
                    -1.0,
                    -1.2246467991473532e-16,
                    -0.008620266709516324
               ],
               [
                    -0.6523761952269463,
                    -1.3276192743194942e-16,
                    0.7578953093278868,
                    0.021851553641571035
               ],
               [
                    -0.7578953093278868,
                    3.3485338699601375e-17,
                    -0.6523761952269463,
                    -0.22266386611753958
               ],
               [
                    0.0,
                    0.0,
                    0.0,
                    1.0
               ]
          ],
          [
               [
                    1.2246467991473532e-16,
                    -1.0,
                    6.123233995736765e-17,
                    -0.008620266709516324
               ],
               [
                    -0.7578953093278868,
                    -1.3276192743194942e-16,
                    -0.6523761952269463,
                    0.021851553641571035
               ],
               [
                    0.6523761952269463,
                    3.3485338699601375e-17,
                    -0.7578953093278868,
                    -0.22266386611753958
               ],
               [
                    0.0,
                    0.0,
                    0.0,
                    1.0
               ]
          ],
          [
               [
                    -1.2246467991473532e-16,
                    -1.0,
                    -6.123233995736767e-17,
                    -0.008620266709516324
               ],
               [
                    0.7578953093278868,
                    -1.3276192743194942e-16,
                    0.6523761952269463,
                    0.021851553641571035
               ],
               [
                    -0.6523761952269463,
                    3.3485338699601375e-17,
                    0.7578953093278868,
                    -0.22266386611753958
               ],
               [
                    0.0,
                    0.0,
                    0.0,
                    1.0
               ]
          ],
          [
               [
                    -6.123233995736765e-17,
                    -1.0,
                    1.2246467991473532e-16,
                    -0.008620266709516324
               ],
               [
                    0.6523761952269462,
                    -1.3276192743194942e-16,
                    -0.757895309327887,
                    0.021851553641571035
               ],
               [
                    0.757895309327887,
                    3.3485338699601375e-17,
                    0.6523761952269462,
                    -0.22266386611753958
               ],
               [
                    0.0,
                    0.0,
                    0.0,
                    1.0
               ]
          ]
     ],
     "scale": 100,
     "sampling_density": 2,
     "frame": "template to source"
}