{
     "name": "Square-Peg",
     "scan": 1,
     "transformation": [
          [
               [
                    1.0,
                    0.0,
                    0.0,
                    -0.006765885801341293
               ],
               [
                    0.0,
                    0.6523758070917827,
                    -0.7578956434241756,
                    0.025123039448293742
               ],
               [
                    0.0,
                    0.7578956434241756,
                    0.6523758070917827,
                    -0.21454336083105865
               ],
               [
                    0.0,
                    0.0,
                    0.0,
                    1.0
               ]
          ],
          [
               [
                    6.123233995736766e-17,
                    0.0,
                    1.0,
                    -0.006765885801341293
               ],
               [
                    0.7578956434241756,
                    0.6523758070917827,
                    -4.640772369035702e-17,
                    0.025123039448293742
               ],
               [
                    -0.6523758070917827,
                    0.7578956434241756,
                    3.994649719980614e-17,
                    -0.21454336083105865
               ],
               [
                    0.0,
                    0.0,
                    0.0,
                    1.0
               ]
          ],
          [
               [
                    6.123233995736766e-17,
                    0.0,
                    -1.0,
                    -0.006765885801341293
               ],
               [
                    -0.7578956434241756,
                    0.6523758070917827,
                    -4.640772369035702e-17,
                    0.025123039448293742
               ],
               [
                    0.6523758070917827,
                    0.7578956434241756,
                    3.994649719980614e-17,
                    -0.21454336083105865
               ],
               [
                    0.0,
                    0.0,
                    0.0,
                    1.0
               ]
          ],
          [
               [
                    -1.0,
                    0.0,
                    1.2246467991473532e-16,
                    -0.006765885801341293
               ],
               [
                    9.281544738071404e-17,
                    0.6523758070917827,
                    0.7578956434241756,
                    0.025123039448293742
               ],
               [
                    -7.989299439961228e-17,
                    0.7578956434241756,
                    -0.6523758070917827,
                    -0.21454336083105865
               ],
               [
                    0.0,
                    0.0,
                    0.0,
                    1.0
               ]
          ],
          [
               [
                    1.0,
                    0.0,
                    0.0,
                    -0.006765885801341293
               ],
               [
                    0.0,
                    -0.6523758070917828,
                    0.7578956434241755,
                    0.025123039448293742
               ],
               [
                    0.0,
                    -0.7578956434241755,
                    -0.6523758070917828,
                    -0.21454336083105865
               ],
               [
                    0.0,
                    0.0,
                    0.0,
                    1.0
               ]
          ],
          [
               [
                    6.123233995736766e-17,
                    0.0,
                    1.0,
                    -0.006765885801341293
               ],
               [
                    -0.7578956434241755,
                    -0.6523758070917828,
                    4.6407723690357014e-17,
                    0.025123039448293742
               ],
               [
                    0.6523758070917828,
                    -0.7578956434241755,
                    -3.9946497199806147e-17,
                    -0.21454336083105865
               ],
               [
                    0.0,
                    0.0,
                    0.0,
                    1.0
               ]
          ],
          [
               [
                    6.123233995736766e-17,
                    0.0,
                    -1.0,
                    -0.006765885801341293
               ],
               [
                    0.7578956434241755,
                    -0.6523758070917828,
                    4.6407723690357014e-17,
                    0.025123039448293742
               ],
               [
                    -0.6523758070917828,
                    -0.7578956434241755,
                    -3.9946497199806147e-17,
                    -0.21454336083105865
               ],
               [
                    0.0,
                    0.0,
                    0.0,
                    1.0
               ]
          ],
          [
               [
                    -1.0,
                    0.0,
                    1.2246467991473532e-16,
                    -0.006765885801341293
               ],
               [
                    -9.281544738071403e-17,
                    -0.6523758070917828,
                    -0.7578956434241755,
                    0.025123039448293742
               ],
               [
                    7.989299439961229e-17,
                    -0.7578956434241755,
                    0.6523758070917828,
                    -0.21454336083105865
               ],
               [
                    0.0,
                    0.0,
                    0.0,
                    1.0
               ]
          ]
     ],
     "scale": 100,
     "sampling_density": 2,
     "frame": "template to source"
}